13.103902 7.706674
5.450929 5.648837
17.111673 6.270419
10.464856 5.878578
11.387856 5.514717
4.813512 5.971492
10.558060 6.458631
5.143692 4.311241
5.994409 4.283566
4.405989 12.404350
16.151081 4.223992
11.699397 6.104561
16.130632 3.531449
16.384630 6.904172
6.083906 4.687036
5.969247 10.676874
5.107492 13.116160
17.885483 6.821739
16.560884 6.346290
4.338954 5.803253
4.482590 8.462298
6.065229 5.016098
11.031723 5.963380
10.797038 5.095786
6.093673 4.480503
4.238512 9.385305
6.365618 12.200621
5.640740 5.729309
16.774158 4.338331
4.092462 10.954833
5.259737 4.147630
10.624383 3.873291
9.592539 6.778611
11.691088 6.993775
4.886137 10.405932
5.305852 4.651703
4.368072 11.063477
13.865122 2.754893
10.891159 5.715348
3.763443 5.699079
7.409975 8.312495
16.261986 5.769652
16.333731 5.585652
3.422439 4.991625
11.928976 4.676794
17.702703 7.524567
15.304215 6.708717
3.710677 4.981537
16.563019 5.891671
6.669365 7.369071
6.410827 10.562791
17.251080 6.197134
5.143954 10.923805
17.264326 5.425673
6.800109 11.638615
16.182653 6.259044
10.239230 6.064769
6.753901 10.531089
13.645375 5.273161
4.185950 10.330089
5.875223 6.378803
18.476301 5.150857
12.228837 4.479903
16.545721 6.317680
11.286258 5.961125
6.249529 6.594333
7.509479 12.145131
6.975127 10.542255
12.234390 6.669653
15.911540 6.469420
4.929949 12.222789
6.029285 11.487249
5.996924 9.687528
17.034147 5.841261
6.620572 9.882269
5.232806 5.926852
