[201, 202, 203, 204, 206, 207, 208, 209, 210, 211, 213, 214, 215, 217, 218, 220, 227, 228, 230, 234, 237, 239, 241, 243, 244, 246, 247, 249, 250, 252, 255, 258, 259, 265, 268, 269, 272, 276, 280, 284, 285, 286, 296, 297, 300]
[205, 212, 233, 236, 245, 248, 251, 254, 262, 263, 264, 277, 287, 291, 295]
[216, 242, 283]
[219, 257, 274, 324, 350]
[221, 222, 223, 231, 238, 256, 261, 267, 270, 271, 281, 290, 294, 298, 299]
[224, 225, 226, 235, 253, 266, 273, 275, 279, 293]
[232, 240, 260, 278, 282, 292]
[288, 289]
[301, 304, 305, 308, 312, 319, 320, 336, 339, 342, 344, 347, 348, 353, 354, 359, 374, 382, 383, 390, 392, 395, 396, 400]
[302, 306, 307, 318, 330, 334, 337, 343, 351, 356, 375, 384, 388, 391, 397]
[303, 309, 310, 311, 314, 315, 322, 323, 325, 326, 329, 340, 341, 345, 346, 352, 357, 362, 363, 371, 373, 376, 380, 385, 386, 387, 393, 398, 399]
[313, 327, 335, 364, 365, 410]
[316, 317, 321, 328, 331, 332, 333, 338, 349, 355, 358, 360, 361, 366, 367, 368, 369, 370, 372, 377, 378, 379, 381, 389, 394]
[401, 403, 404, 412, 414, 415, 417, 421, 422, 423, 426, 427, 429, 433, 434, 440, 444, 445, 461, 462, 463, 466, 470, 475, 476, 477, 478, 479, 483, 484, 489, 491, 492, 495, 497]
[402, 407, 409, 411, 413, 425, 428, 430, 438, 443, 448, 449, 451, 453, 458, 459, 465, 474, 480, 486]
[405, 406, 408, 416, 418, 419, 420, 424, 431, 436, 439, 442, 454, 455, 469, 471, 472, 485, 487, 488, 498]
[432, 441, 446, 447, 457, 464, 468, 481, 490]
[435, 456, 460, 494]
[437, 450, 452, 467, 473, 493, 496, 500]
[1201, 1203, 1205, 1206, 1207, 1210, 1213, 1216, 1217, 1218, 1222, 1225, 1229, 1230, 1232, 1233, 1234, 1237, 1238, 1243, 1244, 1246, 1255, 1256, 1258, 1259, 1265, 1266, 1267, 1268, 1269, 1273, 1278, 1281, 1284, 1285, 1288]
[1202, 1211, 1212, 1220, 1245, 1249, 1250, 1257, 1264, 1283]
[1204, 1209, 1215, 1219, 1227, 1239, 1261, 1270, 1271, 1274, 1287, 1292, 1294, 1299]
[1208, 1214, 1226, 1253, 1282, 1289]
[1221, 1235, 1240]
[1247, 1260, 1272, 1276, 1277, 1280, 1291, 1293, 1295, 1297]
[1301, 1303, 1306, 1310, 1312, 1315, 1316, 1317, 1321, 1329, 1332, 1333, 1334, 1340, 1344, 1345, 1350, 1353, 1360, 1362, 1363, 1366, 1369, 1376, 1380, 1388, 1389, 1391, 1399, 1400]
[1302, 1305, 1307, 1308, 1319, 1322, 1328, 1330, 1335, 1337, 1338, 1339, 1342, 1343, 1351, 1354, 1355, 1364, 1365, 1370, 1372, 1374, 1381, 1384, 1386, 1393, 1394, 1395, 1396]
[1304, 1313, 1314, 1323]
[1309, 1324, 1341, 1349, 1371, 1385]
[1311, 1318, 1320, 1326, 1327, 1331, 1346, 1347, 1348, 1356, 1358, 1373, 1375, 1377, 1378, 1379, 1382, 1383, 1387, 1390, 1397, 1398]
[1325, 1336, 1352]
[1357, 1359, 1367, 1368, 1392]
[1361]
[1401, 1402, 1403, 1404, 1405, 1406, 1408, 1410, 1414, 1415, 1416, 1420, 1425, 1427, 1436, 1438, 1445, 1450, 1451, 1452, 1456, 1463, 1465, 1466, 1468, 1470, 1472, 1484, 1485, 1488, 1491, 1492, 1498, 1499]
[1407, 1413, 1419, 1423, 1424, 1434, 1435, 1439, 1441, 1446, 1447, 1469, 1474, 1480, 1482, 1483, 1486, 1490, 1494]
[1409, 1417, 1418, 1426, 1428, 1429, 1432, 1437, 1444, 1448, 1455, 1458, 1464, 1473, 1487, 1489, 1496]
[1411, 1421, 1422, 1453, 1462, 1478, 1481, 1493, 1495]
[1412, 1433, 1442, 1443, 1457, 1459, 1475]
[1430, 1431, 1449, 1460, 1471, 1476, 1477, 1500]
[1440, 1454, 1461, 1467]
[1479, 1497]
[2301, 2303, 2308, 2321, 2334, 2337, 2338, 2350, 2352, 2360, 2362, 2368, 2369, 2370, 2379, 2400]
[2302, 2304, 2312, 2314, 2318, 2333, 2339, 2343, 2361, 2364, 2365, 2371, 2382, 2390, 2393, 2399]
[2305, 2306, 2310, 2313, 2316, 2326, 2329, 2332, 2336, 2342, 2347, 2349, 2351, 2353, 2355, 2356, 2366, 2373, 2377, 2378, 2380, 2385, 2394, 2398]
[2307, 2346, 2375]
[2309, 2311, 2325, 2327, 2340, 2345, 2357, 2359, 2372, 2374, 2381, 2387, 2388, 2389, 2392, 2397]
[2315, 2317, 2322, 2323, 2328, 2330, 2331, 2335, 2341, 2344, 2348, 2354, 2363, 2367, 2395, 2396]
[2319, 2358, 2383, 2384]
[2320, 2324, 2386, 2391]
[2376]
[2401, 2402, 2404, 2406, 2410, 2411, 2414, 2416, 2419, 2423, 2424, 2425, 2426, 2428, 2442, 2446, 2447, 2448, 2455, 2460, 2465, 2466, 2467, 2469, 2474, 2482, 2483, 2490, 2491, 2494, 2499]
[2403]
[2405, 2415, 2421, 2422, 2432, 2433, 2434, 2436, 2437, 2438, 2440, 2441, 2443, 2444, 2450, 2451, 2454, 2456, 2458, 2459, 2461, 2462, 2468, 2470, 2473, 2479, 2496, 2497]
[2407, 2417, 2430, 2431, 2449, 2472, 2480, 2481, 2484, 2485, 2493]
[2408, 2412, 2413, 2418, 2427, 2435, 2439, 2453, 2457, 2475, 2477, 2478, 2486, 2489]
[2409, 2420, 2464, 2471, 2476, 2487, 2488, 2492, 2498, 2500]
[2429, 2445, 2452, 2495]
[2463]
[3208, 3375]
[3301, 3306, 3307, 3309, 3312, 3314, 3315, 3321, 3322, 3327, 3329, 3330, 3337, 3340, 3347, 3352, 3354, 3355, 3357, 3358, 3360, 3362, 3367, 3368, 3369, 3373, 3382, 3384, 3385, 3387, 3388, 3393, 3395, 3397]
[3302, 3303, 3304, 3305, 3308, 3311, 3317, 3318, 3324, 3325, 3331, 3335, 3349, 3363, 3370, 3378, 3381, 3383, 3389]
[3310, 3316, 3328, 3339, 3346, 3348, 3351, 3377, 3391, 3394, 3398]
[3313, 3319, 3323, 3326, 3332, 3334, 3343, 3345, 3366, 3371, 3374, 3379]
[3320, 4337]
[3333, 3342, 3356, 3359, 3364, 3365, 3372, 3380, 3399]
[3336, 3341, 3376, 3386, 3392]
[3338, 3344, 3350, 3353, 3361, 3390, 3396]
[3400]
[3401, 3402, 3404, 3407, 3408, 3409, 3410, 3412, 3413, 3414, 3415, 3421, 3422, 3428, 3430, 3434, 3438, 3439, 3442, 3445, 3446, 3448, 3449, 3457, 3460, 3463, 3465, 3474, 3478, 3479, 3480, 3482, 3483, 3487, 3490, 3496]
[3403, 3405, 3416, 3418, 3424, 3426, 3429, 3432, 3443, 3455, 3466, 3471, 3475, 3484, 3495, 3498]
[3406, 3427, 3440, 3441, 3450, 3452, 3459, 3464, 3468, 3481, 3485, 3493]
[3411, 3419, 3420, 3433, 3437, 3444, 3447, 3453, 3454, 3456, 3458, 3461, 3462, 3473, 3477, 3491, 3494, 3497, 3500]
[3417, 3423, 3425, 3435, 3470]
[3431, 3436, 3451, 3467, 3469, 3472, 3476, 3486, 3488, 3492, 3499]
[3489, 4401, 4438]
[3501, 3507]
[4402, 4403, 4410, 4411, 4414, 4422, 4423, 4424, 4427, 4429, 4430, 4431, 4437, 4439, 4440, 4446, 4447, 4453, 4454, 4456, 4458, 4460, 4466, 4467, 4469, 4471, 4472, 4473, 4474, 4475, 4491, 4495, 4497]
[4404, 4406, 4407, 4408, 4415, 4418, 4420, 4426, 4428, 4432, 4435, 4441, 4443, 4445, 4448, 4450, 4451, 4452, 4457, 4459, 4461, 4462, 4468, 4476, 4477, 4482, 4487, 4488, 4492, 4493]
[4412, 4416, 4419, 4425, 4442, 4449, 4463, 4464, 4496]
[4465, 4470, 4478, 4479, 4480, 4481, 4484, 4485, 4489, 4490]
[4483, 4494]
[4486, 4545]
[4498, 4499, 4500]
[1, 2, 4, 9, 16, 19, 26, 32, 39, 45, 48, 52, 76, 82, 84]
[3, 5, 6, 8, 10, 12, 15, 21, 23, 24, 29, 30, 34, 35, 36, 37, 42, 49, 54, 61, 71, 75, 77, 79, 85, 87, 90, 91, 92, 96, 99]
[7, 11, 18, 27, 44, 50, 57, 58, 66, 72, 80, 89, 95, 97]
[13, 22, 25, 28, 31, 33, 38, 40, 41, 47, 51, 60, 62, 68, 70, 74, 78, 86, 93, 94, 98]
[14, 17, 53, 63, 65, 69, 81, 100]
[20, 46, 59, 67, 73, 200]
[43, 64, 88]
[55, 56, 83, 1012]
[101, 103, 104, 106, 107, 108, 111, 116, 118, 119, 121, 123, 125, 127, 129, 132, 137, 142, 143, 144, 146, 153, 156, 159, 164, 165, 170, 175, 183, 184, 187, 188, 195, 199]
[102, 114, 117, 124, 126, 131, 135, 136, 138, 148, 150, 151, 154, 158, 160, 161, 162, 172, 173, 179, 180, 181, 192, 194, 197]
[105, 110, 113, 115, 120, 122, 133, 140, 147, 169, 171, 177, 182, 186, 191, 193, 198]
[109, 112, 134]
[128, 130, 139, 141, 149, 152, 155, 157, 163, 174, 178, 189]
[145, 166, 167, 168, 176, 185, 196, 229]
[190]
[1001, 1005, 1009, 1010, 1011, 1013, 1014, 1015, 1017, 1019, 1020, 1021, 1022, 1023, 1024, 1029, 1030, 1031, 1033, 1036, 1038, 1042, 1043, 1047, 1049, 1050, 1051, 1058, 1062, 1066, 1072, 1074, 1080, 1083, 1085, 1089, 1090, 1091, 1093, 1099]
[1002, 1016, 1035, 1041, 1053, 1056, 1071, 1076]
[1003, 1006, 1032, 1037, 1039, 1046, 1057, 1059, 1063, 1065, 1067, 1068, 1079, 1082, 1095, 1100]
[1004, 1007, 1018, 1025, 1027, 1028, 1060, 1064, 1081, 1084, 1086, 1097]
[1008, 1040, 1045, 1055, 1075, 1077, 1094, 1098]
[1026, 1034, 1048, 1052, 1078, 1092]
[1044, 1054, 1061, 1096]
[1069, 1070, 1073]
[1087]
[1088, 2002, 2003, 2008, 2011, 2019, 2029, 2031, 2038, 2043, 2045, 2046, 2061, 2062, 2068, 2079, 2080, 2081, 2093, 2094, 2096, 2097]
[1101, 1102, 1104, 1107, 1108, 1111, 1112, 1116, 1122, 1126, 1127, 1129, 1130, 1135, 1137, 1138, 1143, 1144, 1145, 1153, 1158, 1163, 1165, 1166, 1172, 1175, 1177, 1182, 1183, 1187, 1189, 1200]
[1103, 1106, 1123, 1128, 1147, 1162, 1190, 1199]
[1105, 1115, 1150, 1160, 1164, 1170, 1184]
[1109, 1110, 1124, 1134, 1149, 1156, 1161, 1169, 1171, 1181, 1192, 1193, 1194, 1197]
[1113, 1114, 1118, 1119, 1120, 1125, 1133, 1139, 1140, 1141, 1146, 1152, 1154, 1155, 1157, 1159, 1173, 1174, 1179, 1188]
[1117, 1121, 1131, 1136, 1142, 1148, 1167, 1168, 1176, 1180, 1185, 1186, 1195, 1196, 1198]
[1132, 1151, 1178]
[1191, 2196, 2202]
[1223, 1224, 1242, 1251, 1254, 1263, 1279, 1296, 1300]
[1228, 1231, 1236, 1241, 1275, 1286, 1298]
[1248, 1252, 1262, 1290, 2252]
[2075, 2098]
[2101, 2103, 2106, 2109, 2112, 2113, 2114, 2120, 2134, 2139, 2145, 2148, 2153, 2157, 2193]
[2104, 2108, 2110, 2111, 2115, 2116, 2118, 2119, 2123, 2125, 2127, 2129, 2131, 2136, 2140, 2141, 2142, 2143, 2146, 2147, 2149, 2151, 2155, 2158, 2160, 2162, 2164, 2165, 2169, 2171, 2174, 2180]
[2107, 2121, 2124, 2135, 2168, 2170, 2173, 2191, 2192]
[2137, 2144, 2163, 2175, 2177, 2181, 2183, 2185]
[2190, 2198]
[2201, 2203, 2205, 2207, 2208, 2213, 2215, 2218, 2220, 2227, 2229, 2232, 2235, 2239, 2240, 2241, 2251, 2257, 2258, 2259, 2261, 2262, 2265, 2266, 2268, 2270, 2277, 2286, 2287, 2288, 2289, 2294, 2297, 2299]
[2206, 2216, 2217, 2219, 2225, 2230, 2237, 2247, 2250, 2253, 2254, 2267, 2269, 2272, 2274, 2275, 2280, 2282, 2284, 2290]
[2209, 2214, 2231, 2242, 2244, 2248, 2260, 2271, 2300]
[2212, 2226, 2234, 2246, 2273, 2283, 2292]
[2221, 2222, 2224, 2228, 2233, 2236, 2238, 2243, 2245, 2249, 2255, 2256, 2264, 2279, 2281, 2285, 2291, 2293, 2296]
[2298]
[2001, 2004, 2007, 2009, 2012, 2013, 2014, 2015, 2017, 2020, 2021, 2023, 2024, 2025, 2027, 2030, 2032, 2033, 2034, 2035, 2036, 2039, 2040, 2041, 2042, 2044, 2048, 2053, 2054, 2056, 2059, 2067, 2070, 2071, 2072, 2073, 2074, 2078, 2082, 2083, 2084, 2086, 2090, 2092]
[2005, 2006, 2010, 2022, 2028, 2037, 2047, 2057, 2077, 2089]
[2016, 2026, 2049, 2051, 2055, 2060, 2063, 2095, 2099]
[2018, 2052, 2064, 2085, 2088]
[2050, 2058, 2065, 2066, 2069, 2076, 2100]
[2087, 2091]
[2102, 2179]
[3001, 3002, 3004, 3005, 3007, 3008, 3011, 3012, 3016, 3017, 3018, 3019, 3022, 3025, 3026, 3028, 3037, 3040, 3044, 3045, 3052, 3057, 3062, 3067, 3068, 3069, 3071, 3072, 3081, 3083, 3090, 3097, 3099]
[3003, 3014, 3030, 3031, 3032, 3033, 3048, 3054, 3063, 3064, 3079, 3080, 3089]
[3006, 3027, 3035, 3036, 3039, 3046, 3049, 3050, 3059, 3073, 3091, 3092, 3095, 3098]
[3009, 3010, 3013, 3015, 3029, 3038, 3043, 3053, 3055, 3056, 3058, 3061, 3082, 3085, 3093]
[3020, 3021, 3023, 3034, 3051, 3066, 3070, 3078, 3086, 3100]
[3024, 3041, 3065, 3074, 3075, 3076, 3077, 3084, 4029]
[3042, 4014, 4021, 4071, 4090, 4092, 4096]
[3047, 3060, 3088]
[3087, 3094]
[3096]
[3101, 3105, 3109, 3111, 3118, 3121, 3125, 3133, 3135, 3137, 3155, 3157, 3162, 3170, 3175, 3176]
[3103, 3117, 3119, 3127, 3134, 3139, 3144, 3146, 3150, 3151, 3153, 3164, 3168, 3171, 3172, 3184]
[3108, 3115, 3124, 3131, 3143, 3166, 3181, 3182, 3192, 3197]
[4001, 4047]
[4002, 4004, 4008, 4009, 4010, 4013, 4015, 4019, 4023, 4025, 4028, 4032, 4035, 4043, 4045, 4056, 4060, 4063, 4064, 4065, 4070, 4073, 4077, 4078, 4079, 4082, 4085, 4089, 4091, 4094, 4095, 4097, 4099]
[4003, 4006, 4007, 4018, 4020, 4022, 4027, 4031, 4041, 4051, 4059, 4062, 4068, 4075, 4083]
[4005, 4011, 4026, 4030, 4033, 4042, 4044, 4046, 4052, 4053, 4069, 4081, 4088]
[4012, 4024, 4048, 4058, 4076, 4080, 4084]
[4016, 4017, 4034, 4036, 4037, 4038, 4039, 4040, 4049, 4050, 4054, 4055, 4057, 4061, 4066, 4072, 4074, 4086, 4087, 4093, 4098, 4100]
[4067, 4112, 4147, 4150, 4151, 4158, 4159, 4163, 4165, 4177, 4188]
[4102, 4105, 4108, 4110, 4115, 4117, 4125, 4127, 4136, 4140, 4141, 4142, 4152, 4156, 4176, 4183, 4195, 4200]
[4103, 4107, 4111, 4113, 4114, 4120, 4123, 4124, 4126, 4128, 4131, 4132, 4133, 4135, 4137, 4138, 4139, 4145, 4148, 4153, 4154, 4157, 4162, 4166, 4167, 4168, 4178, 4179, 4181, 4185, 4187, 4191, 4193, 4194, 4197]
[4118, 4169, 4173]
[4146, 4182]
[4160, 4174, 4180, 4186, 4189]
[5001, 5002, 5003, 5008, 5030, 5036, 5037, 5043, 5044, 5052, 5053, 5054, 5057, 5058, 5061, 5063, 5068, 5077, 5086, 5088]
[5004, 5005, 5007, 5010, 5014, 5016, 5021, 5047, 5048, 5049, 5078, 5082, 5083, 5091, 5092, 5100]
[5006, 5013, 5022, 5023, 5035, 5062, 5065, 5069, 5072, 5080, 5081]
[5009, 5011, 5012, 5017, 5018, 5019, 5020, 5025, 5026, 5028, 5029, 5031, 5032, 5033, 5034, 5038, 5041, 5042, 5045, 5046, 5051, 5056, 5064, 5073, 5074, 5079, 5084, 5087, 5089, 5094, 5097, 5098]
[5015, 5027, 5050, 5055, 5060, 5076, 5093]
[5024, 5090]
[5039, 5040, 5066, 5067, 5085]
[5059, 5071, 5095]
[5070]
[5075]
[5096, 5099, 6033, 6040, 6080]
[6001, 6009, 6014, 6015, 6021, 6023, 6024, 6027, 6029, 6046, 6049, 6050, 6059, 6061, 6063, 6068, 6072, 6077, 6079, 6084, 6085, 6093]
[6002, 6004, 6005, 6007, 6010, 6012, 6016, 6017, 6018, 6020, 6039, 6045, 6052, 6053, 6057, 6062, 6064, 6067, 6070, 6073, 6087, 6090, 6094, 6098, 6099]
[6003, 6008, 6013, 6019, 6028, 6035, 6037, 6066, 6069, 6071, 6078, 6083, 6091, 6092]
[6006, 6011, 6022, 6026, 6031, 6032, 6034, 6041, 6042, 6043, 6044, 6047, 6048, 6051, 6056, 6058, 6060, 6065, 6074, 6076, 6081, 6082, 6088, 6096, 6097, 6100]
[6025]
[6030, 6054, 6089]
[6036, 6075, 6086]
[6038, 6055, 6095, 7003, 7029, 7084]
[5103, 5119, 5124, 5142, 5145, 5185, 5190, 5192]
[5160, 5182, 5184]
[7001, 7027]
[7002, 7014, 7015, 7016, 7024, 7026, 7030, 7034, 7036, 7038, 7042, 7044, 7057, 7060, 7061, 7065, 7068, 7075, 7076, 7078, 7086, 7091, 7095, 7097]
[7004, 7092]
[7005, 7010, 7049, 7052, 7059, 7072, 7082, 7100]
[7006, 7074, 7083, 7088]
[7008, 7009, 7011, 7012, 7013, 7017, 7020, 7021, 7025, 7028, 7031, 7037, 7039, 7043, 7046, 7048, 7050, 7051, 7058, 7063, 7067, 7069, 7070, 7073, 7077, 7087, 7098]
[7018, 7033, 7040, 7045, 7047, 7056, 7064, 7066, 7079, 7089]
[7022, 7023, 7032, 7035, 7041, 7053, 7054, 7055, 7080, 7090, 7096]
[7062, 7071, 7081, 7085, 7093, 7094, 7099]
[7102, 7108, 7109, 7128, 7129, 7132, 7134, 7155]
[7120, 7152]
[6123, 6135, 6146]
[6147]
[5101, 5102, 5107, 5112, 5113, 5114, 5123, 5130, 5132, 5134, 5135, 5136, 5137, 5139, 5144, 5146, 5147, 5154, 5156, 5164, 5165, 5168, 5177, 5178, 5179, 5188, 5189, 5194]
[5104, 5108, 5110, 5111, 5121, 5143, 5151, 5191, 5193, 5195, 5200]
[5149, 5181, 5187]
[6109, 6110, 6112, 6115, 6116, 6122, 6125, 6126, 6127, 6131, 6134, 6137, 6140, 6141, 6150, 6151, 6152, 6155, 6157, 6159, 6168, 6173, 6174, 6176, 6184, 6188, 6199]
[6121, 6133, 6162, 6166, 6182, 6183, 6197, 6200]
[6192]
[5105, 5106, 5109, 5115, 5116, 5118, 5122, 5128, 5133, 5140, 5150, 5158, 5162, 5166, 5167, 5170, 5171, 5172, 5174, 5175, 5180, 5186, 5197, 5198]
[5117, 5131, 5138, 5153, 5155, 5157, 5159, 5161, 5163, 5169, 5196]
[5125, 5126, 5127, 5129, 5141, 5152, 5173, 5176, 5183, 5199]
[6101, 6103, 6120, 6154, 6165, 6175]
[6177, 6180, 6189]
[2105, 2122, 2128, 2133, 2138, 2152, 2154, 2156, 2159, 2161, 2176, 2178, 2182, 2188, 2199]
[2117, 2126, 2130, 2132, 2150, 2166, 2167, 2172, 2184, 2186, 2187, 2189, 2195, 2197]
[3106, 3107, 3113, 3122, 3126, 3129, 3132, 3136, 3138, 3142, 3148, 3149, 3154, 3158, 3163, 3169, 3174, 3177, 3178, 3186, 3188, 3194, 3196, 3198, 3199]
[3110, 3116, 3130, 3141, 3145, 3147, 3152, 3156, 3159, 3160, 3161, 3165, 3179, 3183, 3189]
[3190, 4101]
[2194, 2200, 3185]
[3102, 3104, 3112, 3120, 3123, 3128, 3140, 3167, 3173, 3180, 3195, 3200]
[3114, 3191]
[2204, 2210, 2211, 2263, 2276, 2278, 2295]
[3187, 3193, 3226, 3241, 3270]
[2223, 3202, 3225, 3234, 3240, 3243, 3244, 3245, 3254, 3284, 3288]
[3201, 3204, 3205, 3206, 3212, 3213, 3216, 3220, 3221, 3232, 3239, 3242, 3248, 3262, 3265, 3273, 3274, 3277, 3279, 3283, 3285, 3290, 3292, 3296]
[3203, 3222, 3223, 3231, 3237, 3247, 3253, 3256, 3263, 3267, 3271, 3272, 3276, 3294]
[3207, 3209, 3210, 3214, 3215, 3218, 3219, 3224, 3227, 3233, 3235, 3236, 3246, 3250, 3251, 3255, 3259, 3260, 3261, 3264, 3266, 3268, 3278, 3287, 3293, 3298, 3299, 3300]
[3211, 3217, 3228, 3229, 3238, 3249, 3252, 3258, 3275, 3280, 3286, 3295, 3297]
[3230, 3269, 3281, 3282, 3289, 3291]
[3257]
[4104, 4121, 4129, 4130, 4143, 4144, 4149, 4161, 4170, 4184, 4192, 4196]
[4106, 4116, 4119, 4134, 4155, 4164, 4175, 4190, 4199]
[4109, 4172, 4198]
[4122, 4206, 4217, 4218, 4226, 4241, 4246, 4252, 4265, 4282, 4285]
[4171, 5120]
[4201, 4202, 4207, 4208, 4209, 4210, 4211, 4215, 4222, 4224, 4232, 4234, 4236, 4239, 4243, 4245, 4249, 4253, 4260, 4266, 4267, 4271, 4275, 4276, 4278, 4279, 4287, 4294, 4297, 4298]
[4203, 4204, 4213, 4225, 4228, 4231, 4233, 4235, 4238, 4240, 4244, 4247, 4250, 4255, 4257, 4259, 4263, 4264, 4269, 4272, 4273, 4274, 4283, 4286, 4288, 4300]
[4205, 4219, 4221, 4223, 4230, 4242, 4251, 4254, 4258, 4261, 4289, 4295]
[4212, 4216, 4229, 4256, 4268, 4280]
[4214, 4220, 4227, 4237, 4248, 4262, 4270, 4277, 4284, 4290, 4291, 4299]
[4281, 4292, 5245]
[4293, 4296]
[4301, 4302, 4303, 4304, 4306, 4307, 4309, 4311, 4312, 4315, 4318, 4319, 4326, 4328, 4333, 4334, 4338, 4344, 4349, 4350, 4351, 4354, 4356, 4358, 4365, 4378, 4382, 4384, 4385, 4386, 4394, 4398]
[4305, 4313, 4314, 4316, 4327, 4340, 4342, 4345, 4362, 4380, 4390, 4393]
[4308, 4317, 4320, 4321, 4322, 4323, 4324, 4325, 4329, 4330, 4331, 4332, 4339, 4341, 4343, 4346, 4347, 4352, 4353, 4355, 4357, 4361, 4364, 4366, 4368, 4369, 4370, 4372, 4373, 4374, 4377, 4383, 4389, 4396]
[4310, 4360, 4375, 4392, 4399]
[4335, 4336, 4363, 4379]
[4348, 4381, 4397, 5394]
[4359, 4367, 4388, 4395]
[4371, 4387, 4391, 4400]
[4376]
[5148]
[5201, 5204, 5205, 5207, 5208, 5209, 5215, 5219, 5220, 5225, 5227, 5237, 5240, 5242, 5244, 5248, 5254, 5260, 5264, 5266, 5271, 5272, 5273, 5283, 5285, 5286, 5288, 5289, 5298]
[5202, 5210, 5211, 5212, 5243, 5256, 5263, 5279, 5294, 5297]
[5203, 5206, 5213, 5226, 5228, 5230, 5233, 5250, 5259, 5270, 5280, 5295]
[5214, 5218, 5221, 5222, 5223, 5224, 5231, 5235, 5236, 5239, 5251, 5257, 5265, 5267, 5275, 5278, 5281, 5282, 5284, 5292, 5299]
[5216, 5217, 5229, 5252, 5255, 5258, 5261, 5274, 5291]
[5232, 5238, 5246, 5249, 5268, 5269, 5276, 5277, 5293, 5296, 5300]
[5234, 5241, 5287]
[5247, 5253, 5262, 5290]
[5324, 5329, 5350, 5351, 5373, 5388, 5396]
[5337]
[4409, 4413, 4436, 4444, 4455]
[5301, 5302, 5303, 5305, 5310, 5314, 5316, 5317, 5319, 5323, 5326, 5328, 5332, 5334, 5341, 5343, 5345, 5346, 5349, 5353, 5356, 5359, 5361, 5362, 5367, 5374, 5375, 5376, 5377, 5381, 5391, 5392, 5395]
[5304, 5306, 5307, 5308, 5309, 5311, 5313, 5315, 5320, 5322, 5330, 5331, 5333, 5336, 5338, 5348, 5360, 5364, 5366, 5379, 5383, 5384, 5393, 5398]
[5312, 5318, 5325, 5327, 5335, 5347, 5369, 5371, 5382, 5385, 5390, 5399]
[5321, 5339, 5340, 5352, 5354, 5365, 5387]
[5342, 5355, 5358, 5363, 5368, 5370, 5378, 5397, 6383]
[5344, 5357, 5380, 5386, 5400]
[5372]
[5389]
[5401, 5403, 5409, 5415, 5419, 5420, 5423, 5424, 5426, 5437, 5439, 5440, 5443, 5457, 5460, 5465, 5467, 5470, 5471, 5474, 5477, 5488, 5490, 5498]
[5402, 5404, 5405, 5406, 5411, 5414, 5418, 5421, 5422, 5427, 5429, 5442, 5451, 5461, 5463, 5476, 5479, 5485]
[5407, 5408, 5417, 5430, 5448, 5450, 5452, 5455, 5469, 5473, 5481, 5483, 5484, 5500]
[5410, 5413, 5432, 5434, 5472, 5489, 5492]
[5412, 5416, 5433, 5438, 5444, 5446, 5449, 5459]
[5425, 5428, 5431, 5435, 5436, 5441, 5445, 5447, 5453, 5458, 5466, 5468, 5478, 5486, 5494, 5496, 5497, 5499]
[5454]
[5462, 5464, 5480]
[5475]
[5482, 5487, 5495]
[5491, 6404, 6406, 6408, 6419, 6432, 6448, 6476, 6482]
[5493]
[6301, 6313, 6314, 6325, 6326, 6385, 6389, 6395, 6396, 6397, 6398]
[6302, 6303, 6308, 6311, 6315, 6319, 6321, 6327, 6332, 6337, 6365, 6366, 6376, 6382, 6392]
[6304, 6305, 6312, 6324, 6328, 6331, 6335, 6341, 6345, 6351, 6361, 6363, 6372, 6378, 6386]
[6307, 6316, 6340, 6375, 6377]
[6309, 6317, 6318, 6320, 6323, 6334, 6336, 6338, 6339, 6342, 6346, 6347, 6348, 6349, 6350, 6352, 6354, 6355, 6357, 6360, 6362, 6364, 6367, 6368, 6369, 6370, 6374, 6379, 6384, 6388, 6390, 6393]
[6310, 6322, 6329, 6330, 6333, 6344, 6353, 6358, 6371, 6373, 6380, 6381, 6387, 6391, 6399]
[6356, 6359]
[6394]
[6401, 6402, 6405, 6407, 6411, 6412, 6414, 6416, 6418, 6420, 6423, 6424, 6425, 6426, 6434, 6436, 6444, 6450, 6454, 6460, 6461, 6462, 6463, 6465, 6470, 6475, 6481, 6488, 6493, 6499]
[6403, 6473, 6486, 6497, 6500]
[6409, 6413, 6417, 6421, 6422, 6429, 6435, 6438, 6439, 6443, 6447, 6451, 6455, 6456, 6464, 6466, 6469, 6474, 6478, 6485, 6494]
[6410, 6428, 6472, 6480, 6492, 6495, 6498]
[6415, 6427, 6430, 6431, 6442, 6446, 6449, 6453, 6457, 6459, 6467, 6468, 6471, 6477, 6484, 6487, 6489, 6490, 6491, 6496]
[6433, 6437, 6441, 6445, 6452, 6479, 6483]
[6440, 6501, 6509, 6557]
[6458]
[6503, 6504, 6505, 6507, 6508, 6510, 6511, 6514, 6516, 6517, 6518, 6519, 6520, 6521, 6528, 6546, 6548, 6555, 6556, 6558, 6561, 6565, 6567, 6583, 6593, 6596, 6597]
[6515, 6530, 6534, 6566, 6568, 6573, 6577, 6590, 6598]
[6531]
[7302, 7305, 7306, 7310, 7312, 7315, 7316, 7320, 7325, 7329, 7338, 7339, 7340, 7344, 7362, 7365, 7367, 7375, 7377, 7384, 7386, 7392, 7394, 7397, 7398]
[7303, 7307, 7314, 7327, 7333, 7335, 7347, 7348, 7354, 7361, 7368, 7369, 7372, 7376, 7378, 7381, 7387]
[7304, 7318, 7355, 7371, 7373, 7399]
[7324, 7328, 7330, 7341, 7370, 7383, 7389]
[7336]
[7342, 7353, 7357, 7390]
[7406, 7409, 7413, 7418, 7421, 7425, 7430, 7434, 7435, 7436, 7437, 7439, 7440, 7441, 7453, 7457, 7465, 7466, 7469, 7470, 7471, 7472, 7474, 7475, 7488, 7489, 7499, 7500]
[7408, 7411, 7431, 7432, 7433, 7442, 7443, 7456, 7464, 7468, 7485, 7491]
[7417]
[7452, 7459, 7482]
[7494, 7497]
[8326]
[6502, 6513, 6522, 6525, 6526, 6529, 6532, 6535, 6536, 6537, 6543, 6544, 6545, 6549, 6550, 6552, 6553, 6559, 6560, 6563, 6569, 6571, 6578, 6580, 6591, 6595, 6600]
[6506, 6527, 6542, 6547, 6554, 6564, 6572, 6576, 6581, 6585, 6599]
[6512, 6523, 6524, 6538, 6540, 6551, 6570, 6574, 6575, 6584, 6587, 6592]
[6562]
[6582, 6586]
[6588, 7508]
[6589, 6594]
[7401, 7402, 7403, 7404, 7405, 7407, 7412, 7414, 7415, 7416, 7422, 7423, 7424, 7428, 7438, 7445, 7448, 7450, 7451, 7454, 7455, 7473, 7480, 7483, 7484, 7490, 7492]
[7410, 7427, 7467, 7495, 7562]
[7419, 7429, 7444, 7446, 7447, 7449, 7460, 7462, 7487]
[7420, 7426, 7461, 7463, 7476, 7477, 7481, 7486, 7493, 7496, 7498]
[7458, 8428, 8453]
[7478]
[7479, 8421, 8431, 8454, 8457, 8467, 8473, 8482, 8489]
[7501, 7506, 7509, 7519, 7526, 7528, 7532, 7545, 7557, 7566, 7569, 7570, 7581, 7582, 7587, 7589, 7590, 7597]
[7502, 7503, 7504, 7505, 7507, 7512, 7514, 7515, 7516, 7517, 7518, 7521, 7522, 7523, 7524, 7525, 7529, 7531, 7542, 7546, 7552, 7558, 7559, 7565, 7572, 7573, 7595, 7596, 7598, 7600]
[7510, 7511, 7533, 7548, 7554, 7561, 7577, 7583, 7593]
[7513, 7538, 7550, 7574, 7579, 7580]
[7520, 7527, 7534, 7535, 7536, 7547, 7551, 7563, 7571, 7578, 7585, 7588, 7592, 7594]
[7530, 7537, 7553, 7567, 7568, 7584, 7591]
[7539, 7540, 7541, 7543, 7544, 7555, 7556, 7560, 7575, 7576, 7599]
[7549, 7564, 8534, 8545, 8547]
[7586, 7640, 7658, 7699]
[7619, 7629, 7646, 7650, 7652, 7656, 7669, 7671]
[7679]
[8401, 8402, 8404, 8405, 8409, 8414, 8415, 8416, 8417, 8426, 8438, 8446, 8449, 8465, 8466, 8474, 8477, 8481, 8483, 8488, 8490, 8491, 8493, 8498]
[8403, 8425, 8434, 8436, 8437, 8445, 8450, 8458, 8460, 8475, 8476, 8479, 8485, 8494, 8500]
[8406, 8407, 8413, 8418, 8419, 8420, 8423, 8424, 8427, 8430, 8432, 8435, 8439, 8440, 8441, 8442, 8444, 8447, 8451, 8456, 8459, 8461, 8468, 8470, 8471, 8472, 8492]
[8408, 8410, 8411, 8412, 8422, 8429, 8433, 8443, 8448, 8455, 8462, 8464, 8469, 8478, 8480, 8484, 8486, 8487, 8497]
[8452, 8463, 8495]
[8496, 8499]
[8501, 8506, 8513, 8516, 8517, 8520, 8522, 8524, 8528, 8529, 8535, 8539, 8540, 8541, 8543, 8548, 8549, 8551, 8552, 8559, 8565, 8566, 8568, 8571, 8574, 8585, 8587, 8592, 8600]
[8502, 8507, 8510, 8512, 8521, 8525, 8532, 8533, 8544, 8546, 8550, 8553, 8556, 8562, 8570, 8580, 8584, 8586, 8588]
[8503, 8504, 8505, 8508, 8509, 8511, 8515, 8519, 8523, 8527, 8537, 8538, 8542, 8554, 8558, 8560, 8561, 8577, 8579, 8582, 8589, 8593, 8594, 8595, 8598, 8599]
[8514, 8526, 8536, 8555]
[8518, 8530, 8531, 8563, 8572, 8575, 8576, 8578, 8581, 8583]
[8557, 8569, 8596]
[8564]
[8567]
[8573]
[8590, 9502, 9504, 9507, 9512, 9514, 9517, 9518, 9521, 9525, 9539, 9543, 9547, 9556, 9567, 9572, 9575, 9582, 9587, 9596, 9597, 9599]
[8591, 8597]
[8601, 8602, 8608, 8617, 8620, 8622, 8625, 8636, 8643, 8647, 8649, 8650, 8653, 8655, 8657, 8668, 8669, 8675, 8681, 8682, 8685, 8693]
[8603, 8610, 8612, 8621, 8629, 8631, 8632, 8633, 8641, 8642, 8644, 8646, 8664, 8667, 8671, 8672, 8674, 8676, 8680, 8686, 8687]
[8604, 8606, 8615, 8616, 8618, 8619, 8626, 8634, 8637, 8638, 8640, 8648, 8651, 8654, 8658, 8659, 8660, 8662, 8665, 8666, 8673, 8677, 8678, 8679, 8688, 8690, 8692, 8697, 8698, 8699]
[8605, 8607, 8609, 8613, 8614, 8623, 8624, 8627, 8628, 8630, 8635, 8639, 8645, 8663, 8683, 8684, 8689, 8694]
[8652, 8670]
[8656, 8696]
[8691, 8695, 8700]
[8701, 8703, 8711, 8717, 8718, 8719, 8721, 8722, 8726, 8728, 8736, 8737, 8739, 8744, 8746, 8756, 8767, 8771, 8792, 8799, 8800]
[8702, 8704, 8705, 8706, 8708, 8709, 8712, 8716, 8724, 8727, 8741, 8745, 8752, 8753, 8755, 8757, 8760, 8763, 8766, 8770, 8777, 8780, 8784, 8795]
[8707, 8715, 8734, 8735, 8742, 8743, 8748, 8751, 8754, 8758, 8764, 8776, 8778, 8781, 8786, 8787, 8788, 8794, 8798]
[8710]
[8713, 8720, 8769]
[8714, 8723, 8725, 8729, 8730, 8732, 8733, 8740, 8747, 8749, 8750, 8765, 8772, 8773, 8774, 8775, 8783, 8796]
[8731, 8761, 8762, 8768, 8779, 8791, 8793]
[8738, 8797]
[8759, 8782, 8789]
[8785, 9739, 9763, 9781, 9787, 9800]
[8790]
[8839, 9802, 9806, 9807, 9811, 9826, 9840, 9849, 9852, 9860, 9872, 9875, 9876, 9881, 9883, 9887, 9889, 9894, 9897]
[9401, 9402, 9403, 9405, 9406, 9408, 9411, 9414, 9416, 9417, 9418, 9419, 9421, 9422, 9428, 9432, 9433, 9437, 9442, 9443, 9446, 9449, 9453, 9454, 9457, 9458, 9460, 9463, 9464, 9469, 9470, 9472, 9473, 9478, 9484, 9493, 9496, 9497]
[9404, 9430, 9431, 9444, 9452, 9456, 9475, 9481, 9492, 9500]
[9407, 9410, 9413, 9423, 9424, 9426, 9429, 9434, 9435, 9445, 9448, 9462, 9480, 9483, 9485, 9488, 9490, 9494]
[9409, 9415, 9420, 9425, 9436, 9439, 9440, 9447, 9451, 9459, 9465, 9468, 9479]
[9412, 9427, 9455, 9489]
[9438, 9441, 9466, 9498, 9499]
[9450, 9461, 9467, 9471, 9487, 9495]
[9474, 9477, 9482, 9491]
[9476]
[9486]
[9501, 9503, 9506, 9508, 9510, 9519, 9522, 9523, 9534, 9536, 9537, 9538, 9541, 9542, 9545, 9546, 9549, 9551, 9553, 9554, 9561, 9562, 9570, 9573, 9580, 9584, 9591, 9595]
[9505, 9509, 9513, 9527, 9530, 9535, 9544, 9548, 9559, 9560, 9568, 9571, 9574, 9579, 9592, 9594]
[9511, 9515, 9520, 9524, 9526, 9528, 9529, 9531, 9532, 9533, 9540, 9550, 9555, 9557, 9558, 9564, 9566, 9585, 9589, 9590, 9593]
[9516]
[9552, 9565, 9581, 9583, 9588, 9600]
[9563, 9569, 9577, 9586]
[9576, 9578, 9598]
[9601, 9602, 9606, 9627, 9628, 9636, 9642, 9643, 9645, 9649, 9659, 9672, 9674, 9676, 9677, 9689, 9691, 9697, 9698]
[9603, 9609, 9615, 9617, 9620, 9625, 9630, 9652, 9654, 9655, 9657, 9661, 9664, 9666, 9670, 9671, 9679, 9680, 9682, 9684, 9692]
[9604, 9605, 9623, 9631, 9632, 9639, 9647, 9656, 9665, 9681, 9685, 9687, 9694, 9695, 9699]
[9607, 9619]
[9608, 9610, 9611, 9612, 9613, 9614, 9616, 9618, 9621, 9622, 9624, 9626, 9629, 9633, 9635, 9638, 9640, 9641, 9644, 9646, 9648, 9650, 9651, 9653, 9658, 9660, 9662, 9663, 9667, 9668, 9669, 9673, 9675, 9678, 9683, 9686, 9688, 9690, 9693, 9696, 9700]
[9634]
[9637]
[9701, 9702, 9706, 9707, 9709, 9711, 9712, 9714, 9718, 9722, 9723, 9724, 9725, 9729, 9730, 9734, 9735, 9744, 9745, 9750, 9751, 9753, 9755, 9767, 9771]
[9703, 9704, 9710, 9720, 9733, 9741, 9743, 9752, 9754, 9756, 9757, 9760, 9765, 9773, 9774, 9779, 9782, 9783, 9785, 9789, 9792, 9793, 9797]
[9705, 9708, 9715, 9717, 9727, 9732, 9736, 9742, 9746, 9749, 9758, 9759, 9761, 9762, 9777, 9778, 9795, 9798]
[9713, 9716, 9719, 9728, 9737, 9738, 9740, 9747, 9748, 9766, 9768, 9772, 9788, 9791, 9794, 9799]
[9721]
[9726, 9731, 9769, 9780, 9796]
[9764, 9770, 9775, 9776, 9784]
[9786, 9790]
[9803, 9809, 9810, 9815, 9816, 9818, 9829, 9833, 9847, 9848, 9856, 9858, 9861, 9867, 9871, 9880, 9884, 9888, 9895, 9896]
[9805, 9830, 9843, 9859, 9873]
[9819]
[9824, 9839, 9842, 9844, 9851, 9855, 9862, 9879]
[9869, 9892]
[6102, 6106, 6107, 6108, 6111, 6114, 6117, 6119, 6124, 6128, 6129, 6130, 6132, 6136, 6139, 6142, 6144, 6148, 6149, 6158, 6161, 6167, 6169, 6170, 6171, 6195, 6196, 6198]
[6104, 6105, 6156, 6172]
[6113, 6118, 6164, 6179, 6190]
[6138, 6143, 6145, 6153, 6160, 6163, 6178, 6181, 6185, 6186, 6187, 6191, 6193, 6194]
[6201, 6202, 6207, 6208, 6212, 6214, 6223, 6224, 6230, 6232, 6233, 6235, 6239, 6240, 6251, 6252, 6256, 6257, 6261, 6262, 6267, 6270, 6273, 6279, 6280, 6296, 6299]
[6203, 6204, 6205, 6206, 6210, 6215, 6216, 6217, 6222, 6226, 6248, 6255, 6258, 6260, 6265, 6269, 6271, 6272, 6275, 6278, 6282, 6284, 6287, 6291, 6298]
[6209, 6218, 6221, 6234, 6236, 6246, 6249, 6250, 6254, 6264, 6268, 6297]
[6211, 6213, 6219, 6220, 6227, 6229, 6231, 6237, 6241, 6242, 6243, 6244, 6247, 6253, 6259, 6263, 6266, 6276, 6277, 6286, 6292, 6293, 6295, 6300]
[6225, 6228, 6238, 6289, 6306, 6343]
[6245]
[6274, 6281, 6283, 6285, 6288, 6290, 6294]
[6400]
[7101, 7110, 7113, 7115, 7118, 7121, 7122, 7130, 7142, 7146, 7149, 7154, 7158, 7160, 7167, 7175, 7183, 7199]
[7103, 7107, 7112, 7114, 7117, 7119, 7124, 7133, 7136, 7139, 7140, 7141, 7144, 7148, 7151, 7156, 7157, 7162, 7168, 7173, 7177, 7181, 7187, 7188, 7192, 7193, 7194, 7195, 7197, 7198]
[7104, 7111, 7126, 7138, 7147, 7166, 7172, 7174, 7176, 7178, 7179, 7184, 8124]
[7105, 7127, 7137, 7159, 7171, 7186, 7200]
[7106, 7116, 7123, 7125, 7131, 7135, 7143, 7145, 7150, 7153, 7161, 7163, 7164, 7165, 7169, 7170, 7191, 7196]
[7180, 7182]
[7185, 7189, 7190]
[7201, 7202, 7210, 7215, 7216, 7222, 7240, 7252, 7254, 7264, 7265, 7267, 7268, 7272, 7274, 7279, 7288, 7294, 7295, 7296]
[7203, 7208, 7209, 7212, 7213, 7217, 7219, 7220, 7221, 7227, 7229, 7231, 7237, 7239, 7248, 7255, 7257, 7261, 7266, 7269, 7280, 7285, 7287, 7291, 7293]
[7204, 7223, 7225, 7232, 7244, 7258, 7259, 7270, 7275, 7297, 7300]
[7205, 7207, 7247, 7249, 7251, 7253, 7271, 7283, 7298, 7299]
[7206, 7214, 7226, 7230, 7241, 7242, 7250, 7262, 7277, 7292]
[7211, 7218, 7224, 7228, 7233, 7234, 7236, 7243, 7245, 7260, 7281, 7282]
[7235, 7238, 7246, 7263, 7273, 7276, 7278, 7286]
[7256]
[7284, 7289, 7290, 8222, 8236]
[7301, 7308, 7309, 7313, 7317, 7319, 7321, 7322, 7323, 7326, 7331, 7332, 7334, 7337, 7343, 7345, 7346, 7349, 7350, 7358, 7359, 7363, 7385]
[7311, 7356, 7360, 7364, 7366, 7374, 7382, 7388, 7391, 7400]
[7351, 7379, 7380, 7393]
[7352, 7395, 7396]
[8140, 8221, 8242, 8245, 8261, 8264, 8272, 8276, 8279, 8284, 8300]
[8201, 8202, 8206, 8207, 8208, 8210, 8211, 8212, 8214, 8215, 8216, 8218, 8225, 8227, 8230, 8231, 8235, 8239, 8240, 8244, 8247, 8250, 8252, 8256, 8258, 8260, 8273, 8277, 8278, 8281, 8292, 8298]
[8203, 8204, 8205, 8209, 8213, 8226, 8228, 8233, 8234, 8249, 8267, 8268, 8270, 8274, 8282, 8283, 8286, 8287, 8289, 8293, 8297, 8299]
[8217, 8220, 8243, 8253, 8255, 8266, 8271, 8275, 8288, 8291]
[8219]
[8223, 8224, 8238, 8241, 8248, 8251, 8259, 8262, 8280, 8285, 8294]
[8229, 8295]
[8232, 8237, 8246, 8257, 8263, 8269, 8290, 8296]
[8301, 8308, 8314, 8324, 8329, 8331, 8332, 8335, 8342, 8344, 8346, 8348, 8357, 8360, 8361, 8362, 8363, 8364, 8367, 8368, 8375, 8378, 8387, 8391, 8392, 8395]
[8302, 8303, 8305, 8310, 8312, 8313, 8315, 8316, 8317, 8318, 8321, 8333, 8334, 8341, 8343, 8345, 8352, 8365, 8366, 8371, 8373, 8377, 8381, 8384, 8390, 8400]
[8304, 8309, 8311, 8319, 8323, 8339, 8356, 8358, 8370, 8372, 8374, 8383, 8386]
[8306, 8307, 8327, 8340, 8349, 8350, 8351, 8353, 8354, 8355, 8369, 8382, 8394]
[8320, 8325, 8330, 8337, 8338, 8347, 8359, 8388, 8393]
[8322, 8396]
[8328, 8379, 8380, 8385, 8389, 8397, 8399]
[8336]
[8376, 8398]
[9301, 9307, 9316, 9320, 9322, 9323, 9324, 9335, 9341, 9346, 9349, 9350, 9355, 9362, 9364, 9365, 9369, 9370, 9383, 9388, 9389, 9394]
[9303, 9312, 9319, 9321, 9327, 9329, 9330, 9332, 9359, 9361, 9363, 9379, 9381, 9387, 9391, 9395]
[9331, 9337, 9338, 9344, 9347, 9358, 9367, 9371, 9375, 9386, 9392, 9399]
[9374, 9380, 9396, 9397, 9398]
[9382]
[7007, 7019]
[8001, 8004, 8005, 8007, 8008, 8009, 8014, 8021, 8024, 8028, 8029, 8035, 8036, 8039, 8040, 8043, 8044, 8046, 8047, 8049, 8053, 8059, 8060, 8062, 8064, 8074, 8077, 8083, 8085, 8088, 8089, 8100]
[8002, 8010, 8011, 8022, 8023, 8026, 8033, 8037, 8041, 8054, 8056, 8063, 8066, 8067, 8072, 8078, 8095]
[8003, 8006, 8019, 8030, 8058, 8081, 8082, 8084, 8096, 8099]
[8012, 8013, 8015, 8018, 8027, 8034, 8038, 8050, 8052, 8055, 8061, 8071, 8094, 8097]
[8016, 8017, 8032, 8045, 8075, 8135, 8150]
[8020, 8025, 8031, 8048, 8051, 8068, 8069, 8070, 8076, 8079, 8080, 8090, 8092]
[8042, 8057, 8065, 8086, 8087, 8091, 8093]
[8073]
[8098]
[8101, 8102, 8105, 8108, 8119, 8142, 8143, 8146, 8148, 8156, 8159, 8170, 8178, 8188, 8196, 8199]
[8103, 8106, 8107, 8114, 8115, 8121, 8122, 8130, 8144, 8145, 8160, 8162, 8167, 8179, 8182, 8193, 8194, 8198]
[8104, 8116, 8123, 8132, 8152, 8183, 8185, 8192]
[8109, 8111, 8113, 8118, 8120, 8125, 8126, 8128, 8129, 8131, 8133, 8136, 8139, 8141, 8147, 8149, 8151, 8155, 8157, 8158, 8161, 8164, 8166, 8168, 8169, 8171, 8173, 8176, 8177, 8180, 8184, 8187, 8189, 8190, 8195, 8200]
[8110, 8117, 8127, 8138, 8175, 8191]
[8112, 8153, 8154, 8163, 8181]
[8134, 8137, 8172]
[8165, 8174, 8186, 8197]
[8254, 8265]
[9001, 9028, 9030, 9041, 9046, 9049, 9073, 9078, 9079, 9093]
[9002, 9004, 9008, 9009, 9011, 9014, 9016, 9017, 9018, 9019, 9020, 9023, 9025, 9036, 9037, 9053, 9056, 9062, 9066, 9068, 9069, 9081, 9082, 9083, 9084, 9086, 9089, 9090, 9100]
[9003, 9010, 9098]
[9005, 9007, 9013, 9022, 9024, 9026, 9052, 9074, 9075, 9085]
[9006]
[9012, 9015, 9035, 9044, 9050, 9054, 9059, 9071, 9077, 9088, 9095]
[9021, 9027, 9034, 9038, 9048, 9051, 9058, 9060, 9063, 9064, 9065, 9076, 9092, 9094, 9096]
[9029, 9031, 9032, 9033, 9039, 9040, 9042, 9043, 9045, 9047, 9055, 9057, 9061, 9067, 9070, 9072, 9080, 9087, 9091, 9097, 9099]
[9101, 9103, 9105, 9106, 9108, 9113, 9116, 9121, 9125, 9131, 9133, 9135, 9151, 9160, 9168, 9169, 9175, 9177, 9188, 9189, 9190, 9193, 9197]
[9102, 9104, 9107, 9115, 9124, 9127, 9129, 9136, 9140, 9142, 9143, 9146, 9150, 9155, 9156, 9167, 9171, 9181, 9183, 9194, 9195]
[9109, 9110, 9111, 9112, 9114, 9117, 9118, 9119, 9120, 9122, 9123, 9126, 9130, 9132, 9138, 9145, 9153, 9159, 9161, 9162, 9163, 9166, 9170, 9174, 9176, 9178, 9180, 9182, 9185, 9186, 9198]
[9128]
[9134, 9137, 9144, 9152, 9157, 9158, 9173, 9184, 9196]
[9139, 9141, 9147, 9148, 9154, 9164, 9165, 9179, 9191, 9192, 9199]
[9149, 9187]
[9172, 9200]
[9201, 9204, 9206, 9218, 9219, 9225, 9227, 9228, 9234, 9236, 9243, 9245, 9247, 9248, 9251, 9260, 9264, 9265, 9268, 9284, 9286, 9287, 9293]
[9202, 9203, 9205, 9212, 9217, 9226, 9250, 9253, 9269, 9273, 9278, 9290]
[9207, 9208, 9210, 9221, 9224, 9230, 9231, 9237, 9249, 9255, 9257, 9262, 9263, 9274, 9275, 9279, 9280, 9281, 9282, 9292, 9300]
[9209, 9213, 9214, 9220, 9254, 9256, 9258, 9266, 9271, 9272, 9283, 9295, 9297, 9298]
[9211, 9215, 9216, 9223, 9232, 9233, 9239, 9241, 9242, 9244, 9252, 9259, 9261, 9276, 9277, 9296, 9299]
[9222, 9229, 9235, 9267]
[9238, 9240, 9270, 9285, 9288]
[9246, 9289]
[9291]
[9294]
[9302, 9305, 9306, 9308, 9310, 9311, 9313, 9317, 9318, 9325, 9326, 9328, 9333, 9334, 9339, 9340, 9342, 9343, 9345, 9348, 9351, 9352, 9353, 9354, 9356, 9366, 9368, 9373, 9377, 9400]
[9304, 9357, 9385, 9393]
[9309, 9314, 9315, 9336, 9360, 9376, 9378, 9384, 9390]
[9372]
[482, 499, 594]
[501, 526, 533, 535, 537, 543, 548, 549, 550, 569, 573, 575, 576, 590]
[502, 508, 509, 510, 512, 513, 514, 516, 521, 523, 532, 534, 536, 538, 540, 541, 544, 545, 546, 554, 558, 566, 570, 571, 574, 577, 579, 580, 582, 592, 593, 599]
[503, 504, 505, 511, 515, 518, 522, 524, 528, 529, 539, 547, 560, 562, 563, 565, 567, 583, 585, 586, 587, 588, 591, 596, 597, 598, 600]
[506, 507, 519, 520, 527, 530, 531, 551, 552, 555, 559, 564, 568, 581, 584, 589]
[517, 542, 553, 557, 561, 595]
[525, 556, 572]
[578]
[601, 629, 789]
[602, 603, 604, 605, 607, 621, 625, 628, 632, 637, 646, 655, 657, 658, 659, 660, 661, 662, 670, 680, 681, 686, 694, 696, 697, 698, 699, 700]
[606, 609, 612, 614, 615, 617, 619, 620, 622, 623, 631, 633, 635, 639, 640, 645, 653, 663, 667, 677, 679, 688, 689, 695]
[608, 616, 669, 676, 692]
[610, 611, 624, 638, 643, 644, 647, 649, 651, 664, 666, 672, 673, 687]
[613, 627, 634, 636, 648, 656, 668, 674, 682, 683, 684, 691, 693]
[618, 626, 630, 641, 642, 650, 652, 654, 665, 671, 675, 685, 690]
[678]
[701, 705, 708, 709, 710, 711, 723, 724, 725, 728, 729, 731, 732, 733, 734, 735, 738, 743, 745, 746, 767, 772, 774, 778, 793, 794, 797]
[719, 721, 750, 756, 757, 795]
[740, 744, 755]
[742, 754, 758, 763, 764, 766, 785, 786, 790, 796, 800]
[1501, 1504, 1505, 1506, 1508, 1512, 1513, 1514, 1516, 1519, 1525, 1535, 1540, 1542, 1544, 1545, 1546, 1548, 1552, 1558, 1573, 1579, 1581, 1587, 1589, 1591]
[1502, 1507, 1509, 1518, 1522, 1534, 1547, 1549, 1550, 1553, 1555, 1566, 1568, 1570, 1574, 1577, 1586, 1592]
[1503, 1510, 1511, 1515, 1517, 1520, 1523, 1524, 1526, 1528, 1529, 1530, 1531, 1533, 1537, 1538, 1539, 1543, 1551, 1554, 1556, 1557, 1560, 1561, 1563, 1567, 1571, 1590, 1593, 1594, 1596]
[1521, 1559, 1585, 1588, 1599]
[1527, 1536, 1584]
[1532, 1628]
[1541, 1562, 1565, 1575, 1580, 1582, 1598]
[1564]
[1569, 1576, 1578, 1583]
[1572, 1595, 1597, 1600]
[1601, 1602, 1604, 1606, 1609, 1615, 1618, 1620, 1624, 1627, 1631, 1634, 1635, 1637, 1638, 1642, 1650, 1651, 1652, 1656, 1658, 1666, 1681, 1684, 1685, 1690, 1697, 1698]
[1603, 1611, 1617, 1625, 1630, 1632, 1633, 1644, 1660, 1670, 1676, 1686, 1695, 1696]
[1605, 1616, 1626, 1669, 1762, 1770]
[1607, 1608, 1623, 1639, 1643, 1645, 1648, 1649, 1655, 1661, 1664, 1665, 1672, 1677, 1692, 1694]
[1610, 1629, 1640, 1654, 1657, 1668, 1678, 1679, 1680, 1687, 1691]
[1612, 1647, 1653, 1663, 1667, 1671, 1673, 1675, 1683, 1688, 1693, 1700]
[1613, 1619, 1621, 1622, 1636, 1641, 1646, 1659, 1689]
[1614]
[1662, 1674]
[1682]
[1699]
[2601, 2602, 2606, 2608, 2611, 2613, 2620, 2631, 2633, 2651, 2652, 2654, 2661, 2662, 2674, 2691, 2699, 2700]
[2603, 2605, 2610, 2617, 2619, 2624, 2625, 2626, 2627, 2632, 2637, 2639, 2644, 2656, 2665, 2668, 2675, 2682, 2685, 2688, 2692]
[2604, 2607, 2612, 2615, 2616, 2621, 2628, 2630, 2636, 2645, 2655, 2657, 2658, 2660, 2664, 2678, 2684, 2689, 2697]
[2609, 2614, 2618, 2623, 2640, 2643, 2646, 2650, 2666, 2676, 2679, 2680, 2694, 2695]
[2622, 2638, 2641, 2653, 2663, 2669, 2672, 2673, 2681, 2683, 2686, 2687, 2690, 2777]
[2629, 2634, 2642, 2659, 2667, 2670, 2677, 2698]
[2647, 2649, 2671, 2696]
[2727, 2733, 2736, 2737, 2749, 2755, 2760, 2765, 2767, 2772, 2776, 2778, 2784, 2786, 2791, 2794]
[2738, 2742, 2753, 2766, 2770, 2774, 2781]
[2744, 2754, 2771]
[3703, 3706, 3716, 3719, 3721, 3724, 3728, 3730, 3731, 3733, 3736, 3743, 3753, 3757, 3758, 3759, 3764, 3766, 3768, 3770, 3774, 3777, 3780, 3783, 3798, 3800]
[3715, 3741, 3744, 3746, 3748, 3749, 3754, 3756, 3769, 3771, 3784, 3786, 3794, 3795, 3796, 3797]
[3765]
[2501, 2502, 2503, 2504, 2505, 2513, 2516, 2520, 2523, 2535, 2545, 2547, 2548, 2549, 2552, 2553, 2555, 2558, 2559, 2562, 2563, 2569, 2575, 2580, 2586, 2588, 2594, 2595, 2597]
[2506, 2514, 2524, 2526, 2530, 2534, 2536, 2551, 2554, 2556, 2561, 2565, 2566, 2567, 2570, 2578, 2585]
[2507, 2508, 2509, 2510, 2512, 2515, 2519, 2527, 2531, 2532, 2533, 2537, 2538, 2539, 2540, 2541, 2542, 2544, 2550, 2560, 2564, 2571, 2573, 2577, 2581, 2582, 2583, 2590, 2596, 2600]
[2511, 2546, 2568, 2591, 3533]
[2517, 2528, 3535, 3556, 3576, 3597]
[2518, 2521, 2522, 2529, 2543, 2557, 2572, 2574, 2584, 2599]
[2579, 2587, 2598]
[2589, 2592, 2593]
[2525, 2576, 2635, 2693]
[3502, 3503, 3506, 3516, 3520, 3522, 3527, 3528, 3532, 3540, 3545, 3546, 3547, 3549, 3552, 3553, 3559, 3560, 3561, 3562, 3566, 3574, 3579, 3582, 3584, 3587, 3588, 3599]
[3504, 3505, 3512, 3514, 3519, 3521, 3524, 3534, 3537, 3539, 3543, 3544, 3558, 3563, 3571, 3578, 3583, 3589, 3592]
[3508, 3511, 3517, 3531, 3536, 3538, 3551, 3554, 3557, 3567, 3568, 3570, 3573, 3575, 3581, 3586, 3596, 3600]
[3509, 3510, 3513, 3555, 3565, 3580, 3590, 3593, 3598]
[3515, 3525, 4579, 4585]
[3518, 3523, 3529, 3530, 3595]
[3526, 3577, 3585, 3591]
[3541, 3542, 3548, 3564, 3569, 3594]
[3550]
[3572]
[3601, 3609, 3616, 3634, 3640, 3666, 3669, 3687, 3689, 3691]
[3602, 3603, 3604, 3608, 3611, 3615, 3617, 3621, 3624, 3633, 3636, 3637, 3638, 3639, 3644, 3648, 3649, 3651, 3653, 3656, 3667, 3675, 3676, 3688]
[3605, 3606, 3607, 3612, 3618, 3620, 3623, 3625, 3628, 3629, 3630, 3642, 3643, 3646, 3652, 3655, 3657, 3658, 3659, 3661, 3662, 3663, 3665, 3672, 3674, 3677, 3678, 3681, 3682, 3683, 3684, 3686, 3694, 3695, 3699]
[3610, 3614, 3645, 3679, 3690, 3692]
[3613, 3619, 3626, 3627, 3631, 3632, 3635, 3680, 3685, 3700]
[3622, 3641, 3647, 3650, 3654, 3660, 3664, 3668, 3670, 3673, 3693, 3696, 3698]
[3671]
[3697]
[3767, 3792]
[4405, 4421]
[4417, 4433, 4434]
[4501, 4504, 4507, 4508, 4511, 4512, 4518, 4519, 4521, 4533, 4542, 4544, 4551, 4554, 4556, 4557, 4560, 4567, 4569, 4573, 4577, 4582, 4592, 4598]
[4502, 4503, 4506, 4510, 4514, 4520, 4526, 4538, 4547, 4564, 4570, 4571, 4572, 4576, 4580, 4584, 4588, 4591, 4593]
[4505, 4517, 4523, 4525, 4531, 4534, 4535, 4539, 4546, 4562, 4568, 4574, 4581]
[4509, 4527, 4532, 4536, 4550, 4552, 4555, 4578, 4600]
[4513, 4516, 4522, 4524, 4528, 4537, 4540, 4541, 4543, 4548, 4558, 4559, 4561, 4563, 4565, 4575, 4583, 4587, 4589, 4595, 4596, 4597]
[4515, 4656, 4665]
[4529, 4549, 4553, 4590]
[4530]
[4566, 4594]
[4586, 4599]
[4608, 4617, 4619, 4638, 4648, 4652, 4660, 4661, 4667, 4669, 4692, 4698]
[4662, 4676, 4695]
[5456]
[5503, 5505, 5507, 5508, 5509, 5512, 5514, 5516, 5521, 5526, 5527, 5531, 5532, 5539, 5547, 5557, 5560, 5566, 5570, 5571, 5573, 5578, 5582, 5585, 5587, 5588, 5592, 5595, 5600]
[5549, 5552, 5554, 5568, 5569, 5572, 5598]
[5577, 5594]
[3702, 3718, 3723, 3725, 3732, 3742, 3747, 3781, 3782, 3789]
[3704, 3705, 3708, 3709, 3710, 3711, 3713, 3714, 3717, 3720, 3722, 3727, 3729, 3734, 3735, 3737, 3738, 3739, 3740, 3750, 3751, 3755, 3760, 3761, 3762, 3772, 3773, 3779, 3785, 3787, 3788, 3799]
[3763, 3775, 3776, 3778, 3790, 3791]
[3793]
[4601, 4605, 4606, 4618, 4630, 4631, 4639, 4659, 4666, 4674, 4682, 4696]
[4602, 4603, 4604, 4607, 4609, 4613, 4620, 4622, 4626, 4627, 4633, 4635, 4636, 4653, 4655, 4658, 4673, 4679, 4681, 4685, 4690]
[4610, 4625, 4637, 4646, 4651, 4675, 4684]
[4611, 4614, 4615, 4616, 4621, 4623, 4624, 4628, 4632, 4634, 4640, 4641, 4642, 4643, 4644, 4645, 4647, 4649, 4654, 4657, 4663, 4664, 4668, 4670, 4671, 4672, 4677, 4678, 4680, 4686, 4688, 4691, 4693, 4694]
[4612, 4629, 5603, 5675]
[4650, 4687, 4697, 4699]
[4683, 4689]
[4700]
[4701, 4702, 4704, 4705, 4708, 4720, 4721, 4724, 4725, 4729, 4732, 4737, 4745, 4751, 4755, 4758, 4761, 4769, 4772, 4777, 4788, 4790, 4795]
[4703, 4706, 4707, 4709, 4711, 4714, 4716, 4726, 4730, 4733, 4734, 4736, 4738, 4744, 4749, 4757, 4759, 4760, 4762, 4763, 4765, 4771, 4776, 4783, 4786, 4789, 4800]
[4710, 4712, 4713, 4715, 4717, 4718, 4719, 4722, 4723, 4731, 4739, 4740, 4741, 4742, 4748, 4752, 4753, 4756, 4768, 4773, 4774, 4778, 4780, 4782, 4785, 4787, 4793, 4794, 4797, 4799]
[4727, 4767]
[4728, 4735, 4747, 4750, 4754, 4770, 4775, 4784, 4791, 4796]
[4743, 4746, 4764, 4766, 4781, 4792, 4798]
[4779]
[4868]
[5501, 5504, 5517, 5522, 5523, 5530, 5533, 5558, 5559, 5562, 5574, 5575, 5576, 5580, 5583, 5593, 5596, 5597]
[5502, 5506, 5511, 5513, 5515, 5518, 5519, 5520, 5524, 5525, 5528, 5529, 5536, 5537, 5538, 5540, 5542, 5543, 5545, 5546, 5551, 5555, 5561, 5564, 5567, 5581, 5584, 5590]
[5510, 5553]
[5534, 5535, 5541, 5544, 5548, 5550, 5563, 5579, 5586, 5589, 5591, 5599]
[5556]
[5565, 5620, 5636, 5653, 5657, 5672, 5678, 5682, 5696]
[5601, 5602, 5609, 5611, 5615, 5617, 5618, 5621, 5626, 5628, 5630, 5631, 5641, 5644, 5648, 5654, 5659, 5660, 5661, 5667, 5669, 5673, 5674, 5679, 5697]
[5604, 5605, 5608, 5616, 5625, 5638, 5649, 5655, 5663, 5670, 5687]
[5606, 5607, 5614, 5619, 5623, 5624, 5639, 5662, 5676, 5680, 5686, 5693, 5698, 5699]
[5610, 5612, 5613, 5622, 5637, 5642, 5645, 5647, 5652, 5666, 5681, 5683, 5689, 5690, 5691]
[5627, 5629, 5632, 5633, 5634, 5635, 5640, 5643, 5646, 5650, 5651, 5658, 5664, 5668, 5671, 5684, 5685, 5688, 5692, 5694, 5695, 5700]
[5656, 5665]
[5677]
[5701, 5702, 5705, 5707, 5708, 5710, 5715, 5717, 5718, 5719, 5724, 5726, 5728, 5730, 5732, 5735, 5739, 5741, 5743, 5744, 5748, 5756, 5757, 5763, 5776, 5783, 5785, 5792, 5800]
[5703, 5704, 5745, 5750, 5754, 5773, 5775, 5778, 5779, 5796]
[5706, 5727, 5731, 5747, 5752, 5753, 5758, 5760, 5761, 5767, 5770, 5780, 5786, 5788, 5789, 5791, 5793]
[5709, 5711, 5712, 5713, 5720, 5721, 5722, 5723, 5725, 5729, 5733, 5736, 5738, 5742, 5746, 5749, 5751, 5755, 5759, 5762, 5765, 5766, 5768, 5769, 5771, 5772, 5774, 5781, 5798]
[5734, 5737, 5764]
[5740, 5790, 5799]
[5777, 5784, 5794, 5797]
[5782]
[5787, 6701, 6743, 6745, 6761, 6787]
[6533, 6539, 6541, 6579, 6637]
[6601, 6603, 6604, 6605, 6609, 6610, 6614, 6616, 6624, 6627, 6628, 6631, 6656, 6668, 6683, 6685, 6694]
[6602, 6606, 6607, 6608, 6611, 6615, 6617, 6619, 6621, 6623, 6625, 6626, 6629, 6634, 6635, 6636, 6639, 6645, 6646, 6649, 6652, 6655, 6661, 6662, 6663, 6679, 6681, 6691, 6697, 6699, 6700]
[6612, 6613, 6618, 6620, 6633, 6644, 6648, 6658, 6659, 6666, 6689, 6692]
[6622, 6630, 6643, 6657, 6682]
[6632, 6640, 6642, 6650, 6654, 6664, 6667, 6670, 6671, 6672, 6676, 6677, 6680, 6684, 6687, 6693, 6695, 6698]
[6638, 6641, 6653, 6665, 6669, 6673, 6674, 6675]
[6647]
[6651, 6660, 6678, 6686, 6688, 6690, 6696, 6768]
[6702, 6703, 6704, 6705, 6715, 6719, 6721, 6725, 6729, 6732, 6737, 6746, 6763, 6769, 6770, 6784, 6786, 6790, 6791]
[6706, 6707, 6708, 6709, 6714, 6716, 6718, 6724, 6734, 6735, 6739, 6740, 6747, 6751, 6753, 6754, 6757, 6762, 6767, 6771, 6772, 6773, 6775, 6777, 6778, 6782, 6785, 6794, 6796]
[6713, 6731, 6797]
[6722, 6736, 6738, 6744, 6776, 6789, 6792]
[6726, 6741, 6760, 6765, 6795]
[6727, 6728, 6730, 6733, 6742, 6764, 6780, 6788, 6800, 7794]
[6748, 6781]
[6799]
[7601, 7602, 7604, 7605, 7606, 7609, 7613, 7614, 7621, 7626, 7627, 7630, 7631, 7632, 7638, 7642, 7645, 7647, 7657, 7659, 7662, 7664, 7666, 7672, 7674, 7676, 7678, 7681, 7689, 7691, 7693, 7700]
[7603, 7608, 7612, 7625, 7634, 7635, 7636, 7641, 7643, 7644, 7649, 7655, 7661, 7668, 7673, 7677, 7680, 7682, 7683, 7684, 7690, 7695, 7697]
[7607, 7610, 7611, 7615, 7616, 7618, 7620, 7623, 7628, 7639, 7651, 7653, 7660, 7675, 7685, 7688, 7692, 7694, 7696, 7698]
[7617]
[7622, 7624, 7633, 7637, 7648, 7665, 7667, 7670, 7687]
[7654, 7663, 7686]
[7701, 7703, 7705, 7710, 7712, 7713, 7717, 7718, 7729, 7736, 7738, 7743, 7745, 7750, 7752, 7755, 7760, 7761, 7762, 7771, 7774, 7775, 7782, 7783, 7784, 7785, 7786, 7787, 7788, 7789, 7791, 7796]
[7702, 7704, 7707, 7708, 7711, 7719, 7720, 7723, 7724, 7727, 7737, 7753, 7756, 7763, 7764, 7766, 7767, 7773, 7780, 7792, 7793, 7798]
[7714, 7715, 7716, 7722, 7726, 7728, 7730, 7731, 7732, 7746, 7748, 7749, 7754, 7768, 7795, 7797]
[7725, 7733, 7739, 7741, 7742, 7744, 7747, 7757, 7758, 7765, 7769, 7770, 7776, 7778, 7779, 7781, 7799]
[7751, 7772]
[7790]
[7800]
[8611]
[8661]
[4802, 4804, 4806, 4807, 4809, 4816, 4825, 4830, 4831, 4834, 4838, 4846, 4878, 4879, 4885, 4888, 4894, 4896]
[4803, 4805, 4811, 4818, 4824, 4836, 4848, 4849, 4867, 4882, 4883, 4889]
[4808, 4813, 4814, 4820, 4821, 4823, 4828, 4829, 4833, 4835, 4840, 4841, 4843, 4847, 4852, 4855, 4856, 4858, 4860, 4863, 4865, 4866, 4873, 4880, 4884, 4887, 4893, 4897]
[4810, 4812, 4815, 4817, 4819, 4822, 4826, 4827, 4832, 4837, 4842, 4844, 4853, 4857, 4859, 4862, 4870, 4871, 4886, 4891, 4892, 4898, 4900]
[4845, 4854, 4899, 5839]
[4851, 4861, 4864, 4869, 4872, 4874, 4875, 4876, 4877, 4895]
[4881]
[4890]
[4906]
[5714, 5716]
[5795, 5838, 5854, 5881, 5885, 5899]
[5801, 5809, 5815, 5816, 5819, 5824, 5832, 5833, 5844, 5845, 5848, 5851, 5860, 5862, 5873, 5883, 5884, 5890]
[5802, 5803, 5804, 5806, 5808, 5813, 5820, 5821, 5823, 5825, 5826, 5827, 5828, 5831, 5834, 5837, 5840, 5841, 5843, 5847, 5850, 5859, 5865, 5868, 5871, 5876, 5877, 5879, 5887, 5888, 5889, 5891, 5895, 5896, 5897]
[5805, 5814, 5829, 5836, 5846, 5849, 5852, 5858, 5861, 5872, 5878, 5893, 5894]
[5807, 5926, 5928, 5940, 5957, 5968, 5972, 6000]
[5810, 5811, 5812, 5817, 5818, 5835, 5842, 5855, 5864, 5867, 5870, 5875, 5880, 5882, 5892]
[5822, 6805, 6874, 6883, 6889, 6892, 6894]
[5830, 5853, 5856, 5857, 5866, 5886, 5898, 5900]
[5863, 5869, 5874]
[5901, 5910, 5912, 5913, 5915, 5916, 5925, 5927, 5930, 5937, 5938, 5946, 5952, 5953, 5956, 5959, 5961, 5966, 5973, 5975, 5978, 5980, 5988, 5993, 5997]
[5902, 5903, 5904, 5905, 5911, 5917, 5919, 5922, 5923, 5924, 5931, 5932, 5934, 5935, 5936, 5939, 5943, 5949, 5951, 5954, 5964, 5965, 5967, 5969, 5970, 5976, 5981, 5983, 5986, 5990, 5991, 5998]
[5906, 5907, 5908, 5909, 5914, 5918, 5920, 5941, 5942, 5944, 5948, 5950, 5955, 5958, 5962, 5963, 5971, 5979, 5982, 5985]
[5921, 5929, 5933, 5947, 5960, 5984, 5987, 5989, 5992, 5994, 5995, 5996]
[5945, 5974, 5977, 5999]
[6710, 6711, 6712, 6717, 6720, 6723, 6749, 6750, 6752, 6755, 6756, 6758, 6759, 6766, 6774, 6779, 6783, 6793, 6798]
[6801, 6802, 6803, 6804, 6806, 6807, 6811, 6812, 6814, 6816, 6817, 6819, 6820, 6821, 6822, 6826, 6832, 6835, 6840, 6842, 6849, 6850, 6851, 6852, 6853, 6854, 6855, 6856, 6857, 6859, 6863, 6864, 6866, 6868, 6871, 6872, 6875, 6876, 6879, 6882, 6886, 6890, 6895, 6898, 6899]
[6808, 6809, 6815, 6818, 6830, 6833, 6838, 6839, 6844, 6845, 6847, 6858, 6861, 6880, 6891, 6893]
[6810, 6813, 6828, 6831, 6873, 6877]
[6823]
[6824, 6825, 6836, 6841, 6846, 6862, 6865, 6878]
[6827, 6834, 6837, 6848, 6867, 6869, 6870, 6881, 6884, 6885, 6887, 6888, 6896, 6897, 6900]
[6829, 6860]
[6843]
[6901, 6918, 6922, 6927, 6928, 6930, 6935, 6944, 6947, 6950, 6952, 6956, 6962, 6968, 6970, 6976, 6981, 6984, 6988, 6990, 6991]
[6902, 6903, 6905, 6906, 6908, 6913, 6915, 6926, 6932, 6936, 6942, 6943, 6945, 6946, 6948, 6949, 6951, 6953, 6955, 6957, 6959, 6960, 6972, 6973, 6974, 6977, 6979, 6980, 6982, 6985, 6989, 6993, 6997, 6998]
[6904, 6911, 6914, 6921, 6923, 6934, 6967, 6975, 6978, 7000]
[6907, 6909, 6910, 6912, 6916, 6929, 6938, 6941, 6954, 6966, 6971, 6987, 6995]
[6917, 6919, 6958]
[6920, 6931]
[6924, 6937, 6983, 7928, 7944]
[6925, 6939, 6940, 6963, 6964, 6999]
[6933, 6961, 6965, 6986, 6992, 6996]
[6969]
[6994]
[7706, 7709, 7734, 7740, 7759]
[7721, 7824, 7825, 7833, 7869]
[7735, 7777]
[7801, 7805, 7817, 7820, 7838, 7841, 7844, 7845, 7854, 7856, 7861, 7871, 7872, 7890, 7893, 7894]
[7802, 7803, 7804, 7807, 7808, 7811, 7812, 7815, 7819, 7822, 7823, 7826, 7827, 7839, 7846, 7847, 7849, 7851, 7858, 7862, 7865, 7868, 7870, 7873, 7875, 7877, 7878, 7881, 7883, 7886, 7888, 7889, 7891, 7897, 7898, 7899, 7900]
[7806, 7810, 7813, 7821, 7830, 7831, 7834, 7840, 7852, 7853, 7859, 7867, 7876, 7880]
[7809, 7814, 7816, 7818, 7829, 7832, 7835, 7836, 7842, 7843, 7855, 7860, 7874, 7882, 7884, 7887, 7892, 7895]
[7828, 7848, 7850, 7857, 7863, 7864, 7879, 7885, 7896]
[7837]
[7866]
[7901, 7906, 7908, 7909, 7910, 7912, 7914, 7915, 7916, 7921, 7922, 7923, 7926, 7927, 7933, 7934, 7942, 7949, 7955, 7965, 7967, 7968, 7971, 7973, 7976, 7984, 7995, 8000]
[7902, 7903, 7904, 7905, 7907, 7911, 7917, 7918, 7919, 7920, 7924, 7925, 7929, 7930, 7931, 7935, 7936, 7939, 7941, 7943, 7946, 7948, 7954, 7958, 7964, 7969, 7972, 7975, 7977, 7978, 7979, 7982, 7983, 7986, 7996, 7997, 7998]
[7913, 7932, 7937, 7940, 7945, 7951, 7957, 7962, 7987, 7991, 7992]
[7938, 7956, 7959, 7961, 7966, 7970, 7974, 7985, 7994]
[7947, 7953, 7960, 7963, 7980, 7981, 7988, 7999]
[7950, 7990]
[7952]
[7989, 7993]
[8801, 8809, 8818, 8844, 8879, 8888, 8893]
[8802, 8810, 8835, 8843, 8857, 8860, 8883, 8899]
[8803, 8828]
[8804, 8808, 8814, 8816, 8819, 8833, 8838, 8841, 8848, 8851, 8852, 8854, 8855, 8863, 8867, 8869, 8873, 8876, 8878, 8886, 8895, 8898]
[8805, 8806, 8812, 8817, 8820, 8823, 8829, 8834, 8836, 8842, 8847, 8850, 8856, 8858, 8872, 8892]
[8807, 8811, 8813, 8815, 8822, 8826, 8827, 8831, 8837, 8840, 8845, 8846, 8853, 8862, 8864, 8870, 8874, 8881, 8887, 8890, 8891, 8896]
[8821, 8824, 8825, 8830, 8832, 8859, 8861, 8868, 8871, 8875, 8877, 8880, 8882, 8884, 8889, 8894, 8897]
[8849, 8865, 8866, 8900]
[8885]
[8901, 8902, 8903, 8904, 8906, 8907, 8908, 8910, 8911, 8912, 8913, 8914, 8916, 8930, 8932, 8933, 8934, 8937, 8943, 8945, 8952, 8957, 8961, 8963, 8973, 8976, 8979, 8982, 8984, 8986, 8996, 8997, 8999]
[8905, 8925, 8928, 8954, 8956, 8970, 8980, 8988, 8992, 8994, 8995]
[8909, 8920, 8929, 8939, 8947, 8951, 8958, 8965, 8967, 8978]
[8915, 8918, 8921, 8926, 8931, 8935, 8941, 8948, 8962, 8968, 8974, 8975, 8998]
[8917, 8922, 8936, 8940, 8942, 8944, 8946, 8949, 8950, 8955, 8959, 8960, 8964, 8969, 8971, 8972, 8977, 8985, 8990, 9000]
[8919, 8923, 8927, 8966, 8983, 8993]
[8924, 9901, 9915, 9919, 9920, 9926, 9931, 9936, 9944, 9948, 9950, 9979, 9982, 9992]
[8938, 8953, 8981, 8989, 8991]
[8987]
[9801, 9804, 9828, 9831, 9834, 9846, 9853, 9863, 9865, 9868, 9870, 9877, 9878, 9886, 9890, 9891]
[9808, 9812, 9813, 9814, 9817, 9820, 9821, 9822, 9823, 9825, 9827, 9832, 9835, 9837, 9838, 9841, 9850, 9864, 9866, 9874, 9882, 9885, 9893, 9898, 9899]
[9836, 9845, 9854, 9857, 9900]
[9902, 9933, 9938, 9941, 9951, 9952, 9953, 9957, 9959, 9960, 9962, 9967, 9976, 9985, 9994]
[9903, 9929, 9958]
[9904, 9906, 9907, 9908, 9910, 9911, 9912, 9914, 9916, 9917, 9918, 9921, 9925, 9934, 9943, 9945, 9947, 9949, 9963, 9968, 9969, 9973, 9981, 9986, 9987, 9989, 9990]
[9905]
[9909, 9939, 9942, 9954, 9980, 9983, 9988]
[9913, 9922, 9924, 9927, 9928, 9932, 9935, 9937, 9946, 9955, 9956, 9961, 9964, 9965, 9971, 9972, 9975, 9977, 9978, 9991, 9993]
[9923, 9995]
[9930, 9940, 9966, 9970, 9974, 9984]
[702, 703, 704, 706, 707, 712, 715, 717, 718, 720, 722, 726, 727, 736, 739, 747, 751, 759, 760, 761, 762, 765, 769, 775, 781, 783, 784, 791, 792]
[713, 730, 749, 752]
[714, 716, 737, 748, 753, 776, 780, 787, 798]
[741, 770, 771, 773, 777, 788, 799]
[768, 802, 813, 824, 827, 837, 841, 848, 855, 863, 865, 867, 868, 879, 883, 888, 889, 890, 891, 900]
[779, 782]
[801, 807, 808, 815, 835, 844, 850, 885, 887, 895]
[803, 804, 806, 810, 814, 818, 820, 821, 822, 823, 826, 828, 830, 831, 833, 834, 836, 838, 840, 842, 843, 846, 847, 853, 856, 859, 864, 866, 870, 872, 874, 875, 876, 877, 881, 882, 893]
[805, 809, 811, 816, 817, 819, 825, 832, 845, 849, 851, 852, 854, 858, 860, 861, 862, 871, 878, 880, 892, 896, 898]
[812, 894, 934, 938]
[829, 839]
[857, 869, 884, 886, 899]
[873]
[897]
[901, 903, 905, 906, 911, 914, 921, 924, 925, 926, 927, 928, 931, 936, 939, 942, 943, 945, 961, 965, 970, 976, 981, 984, 987, 988, 996, 997]
[902, 904, 913, 915, 916, 920, 922, 932, 940, 941, 946, 951, 953, 956, 960, 963, 973, 975, 977, 990, 991, 994]
[907, 974, 986]
[908, 909, 910, 917, 918, 923, 929, 930, 933, 935, 948, 949, 950, 952, 955, 957, 959, 962, 964, 966, 967, 972, 978, 989, 1000]
[912, 919, 937, 944, 947, 954, 968, 971, 982, 995]
[958, 969, 979, 980, 983, 985, 992, 993, 998, 999]
[1701, 1709, 1729, 1737, 1738, 1744, 1776, 1798]
[1702, 1704, 1706, 1708, 1710, 1715, 1717, 1718, 1720, 1732, 1739, 1742, 1746, 1749, 1751, 1752, 1754, 1755, 1765, 1772, 1774, 1779, 1782, 1786, 1790, 1793]
[1703, 1711, 1712, 1713, 1721, 1725, 1726, 1727, 1736, 1753, 1763, 1771, 1778, 1787, 1792, 1796]
[1705, 1723, 1724, 1730, 1735, 1740, 1741, 1745, 1756, 1757, 1758, 1759, 1760, 1764, 1768, 1781, 1784, 1788, 1791, 1794, 1797, 1799]
[1707, 1716, 1719, 1733, 1747, 1748, 1750, 1767, 1769, 1775, 1785]
[1714, 1722, 1728, 1731, 1734, 1743, 1766, 1795]
[1761, 1773, 1780, 1783, 1878]
[1777, 1789, 1800]
[1801, 1802, 1806, 1813, 1817, 1819, 1823, 1831, 1832, 1833, 1838, 1841, 1843, 1844, 1851, 1861, 1864, 1865, 1868, 1874, 1876, 1881, 1895]
[1803, 1804, 1805, 1807, 1809, 1812, 1815, 1816, 1818, 1820, 1821, 1825, 1828, 1840, 1842, 1845, 1847, 1850, 1852, 1856, 1862, 1869, 1871, 1883, 1892, 1894, 1897, 1898]
[1808, 1810, 1824, 1846, 1854, 1858, 1870, 1875]
[1811, 1814, 1822, 1829, 1837, 1853]
[1826, 1834, 1839, 1848, 1887, 1891, 1896]
[1827, 1836, 1855, 1859, 1863, 1866, 1880, 1882, 1886, 1889, 1890, 1893, 1900]
[1830, 1835, 1872, 1873, 1879, 1884, 1885, 1899]
[1849, 1857, 1860, 1867, 1877, 1888]
[1901, 1903, 1907, 1910, 1930, 1931, 1934, 1935, 1937, 1944, 1945, 1948, 1952, 1955, 1973, 1979, 1987, 1988, 1990, 1993]
[1902, 1904, 1906, 1908, 1909, 1914, 1916, 1918, 1919, 1922, 1923, 1932, 1947, 1950, 1964, 1975, 1980, 1985, 1991, 1994, 1997]
[1905, 1911, 1913, 1915, 1917, 1920, 1926, 1927, 1929, 1933, 1938, 1939, 1940, 1942, 1953, 1954, 1958, 1960, 1965, 1966, 1967, 1977, 1983, 1986, 1995, 1996, 1999]
[1912, 1921, 1924, 1925, 1928, 1943, 1951, 1956, 1957, 1962, 1971, 1978, 1981, 1982, 1989]
[1936, 2901, 2905, 2936, 2962, 2968, 2974, 2980, 2987, 2988, 2992]
[1941]
[1946, 1949, 1961, 1968, 1969, 1970, 1972, 1998, 2000]
[1959, 1992, 2913, 2939, 2963, 2964, 2993, 2998]
[1963, 1984]
[1974, 1976]
[2648, 2705, 2710]
[2701, 2704, 2707, 2717, 2720, 2725, 2730, 2758, 2783, 2795, 2797]
[2702, 2703, 2716, 2718]
[2706, 2708, 2712, 2713, 2714, 2715, 2719, 2721, 2723, 2724, 2726, 2731, 2735, 2739, 2740, 2745, 2746, 2747, 2750, 2751, 2756, 2757, 2761, 2762, 2779, 2787, 2788, 2790, 2796, 2800]
[2709, 2711, 2728, 2729, 2748, 2759, 2768, 2769, 2773, 2785, 2789, 2792, 2799]
[2722, 2732, 2734, 2743, 2752, 2763, 2782, 2793]
[2741]
[2764]
[2775, 2822, 2863]
[2780, 2798]
[2801, 2802, 2804, 2805, 2807, 2809, 2813, 2816, 2818, 2819, 2820, 2825, 2826, 2828, 2829, 2831, 2842, 2843, 2844, 2846, 2860, 2865, 2867, 2868, 2872, 2873, 2875, 2879, 2880, 2887, 2888, 2891, 2893, 2897, 2898]
[2803, 2810, 2834, 2840, 2845, 2848, 2856, 2871, 2876, 2881, 2884, 2892]
[2806, 2808, 2811, 2814, 2815, 2827, 2832, 2835, 2836, 2838, 2847, 2851, 2858, 2859, 2862, 2870, 2878, 2882, 2886, 2894, 2899]
[2812, 2821, 2824, 2830, 2839, 2841, 2849, 2850, 2852, 2857, 2864, 2866, 2877]
[2817, 2823, 2833, 2837, 2853, 2854, 2861, 2874, 2883, 2885, 2895, 2896]
[2855, 2869, 2889]
[2890, 2900, 2916]
[2902, 2932, 2955, 2966, 2967, 2971, 2972, 2981, 2982, 2989]
[2903, 2904, 2907, 2908, 2909, 2914, 2918, 2919, 2920, 2921, 2923, 2924, 2927, 2928, 2929, 2930, 2931, 2933, 2937, 2938, 2940, 2941, 2944, 2945, 2947, 2948, 2949, 2950, 2951, 2954, 2958, 2959, 2961, 2969, 2970, 2977, 2978, 2979, 2985, 2995]
[2906, 2910, 2911, 2912, 2946, 2965, 2973, 2994]
[2915, 2922, 2942, 2943, 2952, 2953, 2957, 2976, 2991, 2999]
[2917, 2925, 2926, 2934, 2935, 2960, 2975, 2984, 2986, 2990, 2996]
[2956, 2983, 2997, 3000]
[3701, 3707, 3752]
[3712, 3726, 3745]
[3801, 3809, 3811, 3816, 3819, 3823, 3825, 3833, 3835, 3836, 3839, 3840, 3841, 3843, 3846, 3848, 3851, 3852, 3853, 3857, 3864, 3869, 3881, 3891, 3893, 3895, 3898]
[3802, 3880, 3890]
[3803, 3805, 3807, 3814, 3817, 3821, 3827, 3838, 3845, 3856, 3860, 3865, 3882, 3887, 3889, 3892, 3894]
[3804, 3808, 3812, 3813, 3815, 3826, 3830, 3832, 3834, 3837, 3850, 3854, 3861, 3862, 3874, 3888, 3896, 3897]
[3806, 3849, 3866, 3900]
[3810]
[3818, 3820, 3822, 3828, 3831, 3844, 3855, 3858, 3867, 3868, 3870, 3871, 3872, 3873, 3875, 3876, 3877, 3878, 3879, 3883, 3884, 3885, 3886, 3899]
[3824, 3829, 3842, 3847, 3859]
[3863]
[3901, 3906, 3909, 3910, 3911, 3915, 3916, 3918, 3919, 3920, 3921, 3922, 3924, 3927, 3929, 3931, 3934, 3936, 3937, 3942, 3946, 3952, 3953, 3954, 3956, 3957, 3958, 3959, 3962, 3963, 3964, 3967, 3968, 3972, 3978, 3979, 3991, 3992]
[3902, 3903, 3905, 3907, 3923, 3925, 3940, 3944, 3948, 3951, 3973, 3974, 3977, 3980, 3982, 3987, 3988, 3989, 3993, 3998]
[3904]
[3908, 3913, 3917, 3938, 3947, 3990, 3996, 4000]
[3912, 3926, 3943, 3945, 3950, 3955, 3969, 3970, 3976, 3986, 3997]
[3914, 3928, 3930, 3932, 3933, 3935, 3960, 3965, 3966, 3975, 3985, 3995, 3999]
[3939, 3941, 3949, 3961, 3983, 3984, 3994]
[3971, 3981]
[4801]
[4839, 4850]
[4901, 4903, 4904, 4909, 4912, 4913, 4914, 4916, 4918, 4920, 4922, 4923, 4926, 4927, 4932, 4933, 4936, 4938, 4939, 4940, 4941, 4945, 4948, 4949, 4963, 4966, 4967, 4970, 4980, 4981, 4987, 4992, 4998]
[4902, 4905, 4915, 4919, 4921, 4930, 4934, 4943, 4946, 4947, 4954, 4957, 4968, 4969, 4972, 4973, 4983, 4985, 4991, 4994, 4995]
[4907, 4908, 4910, 4911, 4917, 4924, 4925, 4935, 4952, 4953, 4955, 4962, 4965, 4978, 4984, 4988]
[4928]
[4929, 4931, 4942, 4950, 4956, 4961, 4964, 4979, 4997, 5000]
[4937, 4944, 4951, 4960, 4977, 4999]
[4958, 4959, 4971, 4974, 4975, 4976, 4986, 4989, 4993, 4996]
[4982, 4990]
